dirtjump3 0.0 -0.0057247 0.0646365 0.1859073 0.3141648 0.4853818 0.7180195 0.9541508 0.9479557
dirtjump2 0.0 0.13891089 0.34348510000000004 0.6090453 0.6036803
dirtjump4 0.0 0.0865034 0.40304169999999995 0.890042 0.0
dirtjump1 0.0 0.0410502 0.30366326 0.6361205000000001 0.6755006 0.6361205000000001 0.30366326 0.0782172 0.0
arenaend 0.0 0.0335326374 0.2061032474 0.5507514473999999 1.0009042474 1.2400482474 1.7212882474 2.2577562473999997 2.2577562473999997
arenastr 0.0 0.0335326374 0.2061032474 0.5507514473999999 1.0009042474 1.2400482474 1.7212882474 2.2577562473999997 2.2577562473999997
arenaentry 0.0 0.0335326374 0.2061032474 0.5507514473999999 1.0009042474 1.2400482474 1.7212882474 2.2577562473999997 2.2577562473999997
arenastrc 0.0 0.0335326374 0.2061032474 0.5507514473999999 1.0009042474 1.2400482474 1.7212882474 2.2577562473999997 2.2577562473999997
arenaentryc 0.0 0.0335326374 0.2061032474 0.5507514473999999 1.0009042474 1.2400482474 1.7212882474 2.2577562473999997 2.2577562473999997
rwtoarena 0.0 0.0335326374 0.2061032474 0.5507514473999999 1.0009042474 1.2400482474 1.7212882474 2.2577562473999997 2.2577562473999997
arenacurve2 0.0 0.0335326374 0.2061032474 0.5507514473999999 1.0009042474 1.2400482474 1.7212882474 2.2577562473999997 2.2577562473999997
arenacurve 0.0 0.0335326374 0.2061032474 0.5507514473999999 1.0009042474 1.2400482474 1.7212882474 2.2577562473999997 2.2577562473999997
rwtribune2 0.0 0.4408246 0.8124232 1.356681 1.928485 2.543745 3.076015 3.091702 0.0
brgjump2 0.0 0.0010019999999999474 0.0312380000000001 0.42449099999999995 0.8219529999999999
brgjump 0.0 0.07556300000000005 0.22776099999999988 -0.99999283 -1.0000010000000001
str2brg1 0.0 0.0063495613 0.0919923623 0.27268390229999995 0.5126829023 0.7415527022999999 0.9074422023 0.9950047022999999 0.9999911023
rwupwards 0.0 0.0006128500000000016 0.011573608800000001 0.09523769 0.20486034 0.38135154 0.54142124 0.62702804 0.66757694
curvbrg2 0.0 0.0931061376 0.1968764176 0.35201391759999995 0.43734911759999995 0.5702650176 1.0000113176 1.0317600000000126e-05 1.0317600000000126e-05
subentry 0.0 -0.0718689648 -0.25372377479999997 -0.4834159748 -0.7558568748000001 -1.0969424747999998 -1.4389824748 -1.6591434748 -1.7180184748
subtundamage 0.0 -0.29842834900000004 -0.8124302489999999 -1.308074349 -1.7209923489999999
wsubtundamage 0.0 -0.29572431159999996 -0.7732609116 -1.2263943116 -1.7209913116000002
wsubtuntohw 0.0 -0.1217733 -0.30344712 -0.56499722 -0.83714612 -1.17823192 -1.52027192 -1.7404329200000002 -1.7981369200000001
belt2 0.0 0.0188481981 0.4415703381 0.9233878381 1.4051992381 1.8928462381 2.3808642381 2.5829292380999997 2.5828392381
contjump 0.0 0.0 0.21438216999999998 0.55569147 0.0
truck 0.0 0.1535331 0.4300312 0.6993991 0.0
drivway1 0.0 0.3964219 0.9091356 1.458082 1.9988240000000002
drivway2 0.0 0.5360940000000003 1.0721880000000001 1.608282 2.000001
crjump3 0.0 0.113390293 0.341054593 0.703058693 1.187176993 1.778482993 2.332539993 2.131939993 0.0
hwjump 0.0 0.18300857 0.6087614699999999 0.0 -0.08173422300000001
spike2 0.0 0.08287684099999999 0.225105841 0.450843841 0.7642892410000001 1.3461037409999999 2.262191741 4.6507387410000005 11.345434741
extreme 0.0 0.272 1.0543850000000001 3.578039 3.999
skijump3 0.0 -0.4939 -1.1542100000000008 -1.827580000000001 -2.5009500000000013 -3.17431 -3.8476800000000004 -4.521047000000001 -5.194414
skijump2 0.0 -0.6733659999999997 -1.3467330000000004 -2.0201000000000002 -2.693468 -3.366835000000001 -4.040202000000001 -4.713568 -5.386935000000001
skijump1 0.0 -0.6470910000000001 -1.1359749999999997 -1.468947 -1.6837079999999998 -1.777974 -1.709365 -1.3940329999999999 -0.9953509999999999
desbuild 0.0 0.0 0.3133767 0.6211372 0.9386839 1.2730450000000002 1.5722790000000002 1.938268 0.0
powerpole2 0.0 0.06946149830000001 0.1400146283 0.2290870283 0.40437622830000003 0.5978836283 0.3148302283 0.08025973830000001 0.0004303283
freebend_subentry 0.0 -0.0718689648 -0.25372377479999997 -0.4834159748 -0.7558568748000001 -1.0969424747999998 -1.4389824748 -1.6591434748 -1.7180184748
freebend_wsubtuntohw 0.0 -0.1217733 -0.30344712 -0.56499722 -0.83714612 -1.17823192 -1.52027192 -1.7404329200000002 -1.7981369200000001
freebend_str2brg1 0.0 0.0063495613 0.0919923623 0.27268390229999995 0.5126829023 0.7415527022999999 0.9074422023 0.9950047022999999 0.9999911023
freebend_skijump1 0.0 -0.6470910000000001 -1.1359749999999997 -1.468947 -1.6837079999999998 -1.777974 -1.709365 -1.3940329999999999 -0.9953509999999999
freebend_skijump3 0.0 -0.4939 -1.1542100000000008 -1.827580000000001 -2.5009500000000013 -3.17431 -3.8476800000000004 -4.521047000000001 -5.194414
freebend_skijump2 0.0 -0.6733659999999997 -1.3467330000000004 -2.0201000000000002 -2.693468 -3.366835000000001 -4.040202000000001 -4.713568 -5.386935000000001
freebend_rwupwards 0.0 0.0006128500000000016 0.011573608800000001 0.09523769 0.20486034 0.38135154 0.54142124 0.62702804 0.66757694
brg1 0.0 0.240 0.720 1.440 2.400
brg2 0.0 0.906 1.814 2.722 3.630
brg3 0.0 0.930 1.650 2.130 2.370
